place(10.626, 1.000, 6.041, "Scout", 250)
place(6.368, 1.000, 8.531, "Soldier", 500)
upgrade(6.368, 2.350, 8.531, 250)
place(5.366, 1.000, 11.488, "Soldier", 500)
place(7.436, 1.000, 5.498, "Scout", 250)
upgrade(5.366, 2.350, 11.488, 250)
upgrade(7.436, 2.350, 5.498, 150)
upgrade(10.626, 2.350, 6.041, 150)
place(8.468, 1.000, 10.931, "Soldier", 500)
upgrade(8.468, 2.350, 10.931, 250)
place(0.043, 1.000, 40.198, "Military Base", 400)
upgrade(0.043, 1.863, 40.198, 200)
place(4.741, 1.000, 40.433, "Military Base", 400)
upgrade(4.741, 1.863, 40.433, 200)
place(-4.781, 1.000, 40.219, "Military Base", 400)
place(-4.848, 1.000, 40.282, "Military Base", 400)
upgrade(-4.848, 1.863, 40.282, 200)
upgrade(8.468, 2.350, 10.931, 800)
place(9.461, 1.000, 40.826, "Military Base", 400)
upgrade(9.461, 1.863, 40.826, 200)
place(-9.384, 1.000, 40.307, "Military Base", 400)
upgrade(-9.384, 1.863, 40.307, 200)
upgrade(10.626, 2.350, 6.041, 500)
upgrade(7.436, 2.350, 5.498, 500)
place(11.116, 1.000, 9.178, "Scout", 250)
upgrade(11.116, 2.350, 9.178, 150)
upgrade(11.116, 2.350, 9.178, 500)
upgrade(0.043, 1.863, 40.198, 400)
upgrade(4.741, 1.863, 40.433, 400)
upgrade(-4.848, 1.863, 40.282, 400)
upgrade(-9.384, 1.863, 40.307, 400)
upgrade(9.461, 1.863, 40.826, 400)
upgrade(6.368, 2.350, 8.531, 800)
upgrade(5.366, 2.350, 11.488, 800)
place(2.665, 1.000, 2.950, "Scout", 250)
upgrade(2.665, 2.350, 2.950, 150)
upgrade(2.665, 2.350, 2.950, 500)
place(5.945, 1.000, 2.741, "Scout", 250)
upgrade(5.945, 2.350, 2.741, 150)
upgrade(5.945, 2.350, 2.741, 500)
place(9.132, 1.000, 2.581, "Scout", 250)
upgrade(9.132, 2.350, 2.581, 150)
upgrade(9.132, 2.350, 2.581, 500)
place(3.934, 1.000, 6.215, "Commander", 850)
upgrade(3.934, 2.368, 6.215, 300)
upgrade(3.934, 2.368, 6.215, 2500)
place(12.286, 1.000, 3.353, "Scout", 250)
place(12.160, 1.000, 3.085, "Scout", 250)
upgrade(12.286, 2.350, 3.353, 150)
upgrade(12.286, 2.350, 3.353, 500)
place(5.425, 1.000, 14.671, "Soldier", 500)
upgrade(5.425, 2.350, 14.671, 250)
upgrade(5.425, 2.350, 14.671, 800)
